"VEMAP Grid Cell row 17, col 37 (base 0) latitude 40.25 longitude -105.75 (near Loch Vale)"					
Historic	year	month	ppt(mm)	tmin	tmax
	1895	1	53	-15.8	-4.5
	1895.08	2	67	-18.3	-3.6
	1895.17	3	83	-12.5	2.2
	1895.25	4	61	-7.3	10.5
	1895.33	5	92	-3.9	12.8
	1895.42	6	87	-1.1	15.9
	1895.5	7	83	1.6	18.7
	1895.58	8	50	3.5	20.8
	1895.67	9	22	-0.5	18.6
	1895.75	10	53	-5.6	9.4
	1895.83	11	76	-12	-0.6
	1895.92	12	49	-16	-3.1
	1896	1	57	-12.1	1.3
	1896.08	2	37	-14.5	0.2
	1896.17	3	79	-12.1	1.1
	1896.25	4	63	-6.6	8.5
	1896.33	5	56	-2.7	13.3
	1896.42	6	44	2.2	19.7
	1896.5	7	88	3.2	19.7
	1896.58	8	61	3.5	21.2
	1896.67	9	57	0.5	16.6
	1896.75	10	24	-5.9	10
	1896.83	11	52	-13.5	-0.1
	1896.92	12	33	-12.1	2
	1897	1	47	-16.3	-3.3
	1897.08	2	73	-14.3	-1.4
	1897.17	3	116	-13.4	2.1
	1897.25	4	58	-6.9	7.8
	1897.33	5	62	-1	14.3
	1897.42	6	52	0.7	17.7
	1897.5	7	71	1.9	20.3
	1897.58	8	58	3.5	19.9
	1897.67	9	26	2.3	18.6
	1897.75	10	41	-4.9	10.2
	1897.83	11	62	-10.7	2.5
	1897.92	12	66	-16.4	-3.4
	1898	1	35	-16.3	-3
	1898.08	2	34	-11.6	2.6
	1898.17	3	55	-13.8	1.1
	1898.25	4	55	-6.6	9.6
	1898.33	5	96	-3.8	9.1
	1898.42	6	38	1.4	19.3
	1898.5	7	28	3.2	20.7
	1898.58	8	44	4.1	21.8
	1898.67	9	20	-1.7	15.7
	1898.75	10	36	-5.6	8.3
	1898.83	11	86	-13.4	-0.5
	1898.92	12	54	-17.3	-4.1
	1899	1	66	-14.7	-2.4
	1899.08	2	78	-21.5	-7.6
	1899.17	3	105	-12.6	1.5
	1899.25	4	62	-7.4	8.9
	1899.33	5	27	-3.7	12.9
	1899.42	6	29	0.8	18
	1899.5	7	85	2.7	19.1
	1899.58	8	50	3.2	20.3
	1899.67	9	15	0.5	18.1
	1899.75	10	75	-5	7.2
	1899.83	11	33	-8.6	4.9
	1899.92	12	64	-15.3	-2.4
	1900	1	38	-12.5	0.4
	1900.08	2	74	-15.6	-2.2
	1900.17	3	66	-9.7	6.1
	1900.25	4	217	-7.2	4.9
	1900.33	5	44	-1.8	15.2
	1900.42	6	20	2.3	20.3
	1900.5	7	36	2.2	20
	1900.58	8	19	3.2	21.1
	1900.67	9	48	0	15
	1900.75	10	23	-3.7	11.9
	1900.83	11	44	-9.7	3.3
	1900.92	12	48	-12.8	-0.1
	1901	1	44	-13.8	-1.1
	1901.08	2	61	-16.7	-2.6
	1901.17	3	94	-11.4	2.8
	1901.25	4	98	-7.4	6.6
	1901.33	5	84	-1.4	14.3
	1901.42	6	49	0.3	17.6
	1901.5	7	25	4.5	23.2
	1901.58	8	48	4.4	20
	1901.67	9	24	-1.2	16.4
	1901.75	10	37	-4	10.8
	1901.83	11	28	-9.2	4.9
	1901.92	12	82	-13.7	-2.8
	1902	1	45	-15.4	-2.2
	1902.08	2	51	-11.3	1.5
	1902.17	3	86	-11.9	1.6
	1902.25	4	53	-7.5	8.5
	1902.33	5	55	-1.8	13.6
	1902.42	6	41	1.1	18.8
	1902.5	7	47	1.4	18.8
	1902.58	8	32	4.5	21
	1902.67	9	103	-1.7	16.1
	1902.75	10	44	-3.1	10
	1902.83	11	72	-10.7	1.5
	1902.92	12	80	-13.5	-1.9
	1903	1	39	-13.2	-0.6
	1903.08	2	90	-20.5	-7.2
	1903.17	3	83	-11.3	3
	1903.25	4	71	-7	7.4
	1903.33	5	41	-4.5	11.4
	1903.42	6	54	0.3	14.8
	1903.5	7	41	2.6	21.2
	1903.58	8	49	3.7	20.7
	1903.67	9	45	-1.1	14.9
	1903.75	10	64	-4.4	10.4
	1903.83	11	45	-10.7	3.3
	1903.92	12	38	-13.1	0.1
	1904	1	34	-15.5	-3.1
	1904.08	2	48	-10.6	3.9
	1904.17	3	74	-10.3	5
	1904.25	4	59	-7.1	7.8
	1904.33	5	109	-2.8	11.3
	1904.42	6	55	-0.5	15.5
	1904.5	7	51	1.7	19.3
	1904.58	8	46	3.8	20.1
	1904.67	9	50	0.2	17.2
	1904.75	10	36	-4.5	10.3
	1904.83	11	29	-10.3	5.6
	1904.92	12	44	-12.6	-1.6
	1905	1	62	-14.8	-3.9
	1905.08	2	59	-17.5	-3.1
	1905.17	3	96	-7.2	5.6
	1905.25	4	158	-8	5.4
	1905.33	5	95	-3.4	11.1
	1905.42	6	20	1.7	19.7
	1905.5	7	60	2.3	19
	1905.58	8	33	4.5	21.6
	1905.67	9	36	0.7	17.7
	1905.75	10	72	-6.8	7
	1905.83	11	45	-9.1	3.2
	1905.92	12	27	-15.7	-1.3
	1906	1	41	-12.6	0.8
	1906.08	2	31	-13.2	1.6
	1906.17	3	126	-14.4	-1.5
	1906.25	4	134	-5.2	8.7
	1906.33	5	67	-2.4	13.2
	1906.42	6	39	0	17.1
	1906.5	7	67	2.1	18
	1906.58	8	51	3.3	20.4
	1906.67	9	84	0.8	15.6
	1906.75	10	72	-5.5	9.2
	1906.83	11	89	-10.8	-0.1
	1906.92	12	31	-10.4	2.1
	1907	1	43	-13.6	-1
	1907.08	2	50	-9.6	4.6
	1907.17	3	56	-8	6.7
	1907.25	4	88	-8.1	5.9
	1907.33	5	85	-4.8	8.5
	1907.42	6	18	0	17.7
	1907.5	7	80	3	20.5
	1907.58	8	41	3.6	19.9
	1907.67	9	30	0.2	16.8
	1907.75	10	27	-3.9	11.2
	1907.83	11	49	-12.3	1.9
	1907.92	12	48	-12.8	-1.3
	1908	1	48	-14	-0.9
	1908.08	2	32	-13.8	1.1
	1908.17	3	43	-9.1	6.3
	1908.25	4	40	-6.7	9.4
	1908.33	5	115	-3.8	10.6
	1908.42	6	22	0.3	17.5
	1908.5	7	79	2.9	19.7
	1908.58	8	74	3.5	18.8
	1908.67	9	36	0.4	18.7
	1908.75	10	86	-5.6	6.9
	1908.83	11	76	-12.7	0.8
	1908.92	12	66	-14.1	-1.7
	1909	1	49	-11.3	0
	1909.08	2	74	-14.4	-0.9
	1909.17	3	118	-11.7	1.7
	1909.25	4	89	-9.1	5.1
	1909.33	5	54	-4.2	11.4
	1909.42	6	46	1.8	18.6
	1909.5	7	62	3.8	21
	1909.58	8	70	5.3	20.5
	1909.67	9	73	-0.1	15.8
	1909.75	10	24	-4.4	10.9
	1909.83	11	86	-8.8	2.6
	1909.92	12	78	-19.7	-7.9
	1910	1	36	-13.9	-1
	1910.08	2	62	-16.2	-1.4
	1910.17	3	40	-6.2	10.4
	1910.25	4	50	-5.7	9.1
	1910.33	5	75	-1.7	11.1
	1910.42	6	25	1.1	19.8
	1910.5	7	65	5.7	22.4
	1910.58	8	26	3.9	20.9
	1910.67	9	49	1.1	17.5
	1910.75	10	44	-4.8	11.4
	1910.83	11	46	-7.9	3.2
	1910.92	12	54	-14.1	-1.8
	1911	1	65	-11.2	1
	1911.08	2	64	-14.9	-2.3
	1911.17	3	49	-8.7	6.9
	1911.25	4	75	-7.3	7.4
	1911.33	5	29	-2.8	14.2
	1911.42	6	45	2.7	19.1
	1911.5	7	65	2.5	18.4
	1911.58	8	40	2.4	21.2
	1911.67	9	33	1.8	16.7
	1911.75	10	53	-6.6	8
	1911.83	11	68	-12.7	0.1
	1911.92	12	43	-15.9	-5.2
	1912	1	63	-14.1	-0.8
	1912.08	2	96	-14.2	-2.4
	1912.17	3	103	-15.2	0.6
	1912.25	4	68	-7.3	6.2
	1912.33	5	70	-3.2	12.3
	1912.42	6	61	0.2	16.2
	1912.5	7	106	2.9	19
	1912.58	8	54	3.2	20
	1912.67	9	63	-2.9	12.1
	1912.75	10	56	-5	9.3
	1912.83	11	57	-10.4	3.7
	1912.92	12	54	-15.9	-3.7
	1913	1	52	-15.8	-3.1
	1913.08	2	72	-17	-3.3
	1913.17	3	45	-12.7	2.5
	1913.25	4	65	-6.9	8.7
	1913.33	5	42	-2.2	13.3
	1913.42	6	33	1.2	17.5
	1913.5	7	82	2.5	19.6
	1913.58	8	32	4.4	21.9
	1913.67	9	74	-0.8	13.7
	1913.75	10	60	-5.8	7.1
	1913.83	11	52	-8.6	4.7
	1913.92	12	135	-18.7	-5.3
	1914	1	49	-11.1	0
	1914.08	2	47	-15.4	-2.1
	1914.17	3	67	-11.4	4.5
	1914.25	4	102	-5.6	6.7
	1914.33	5	77	-2.4	13.3
	1914.42	6	38	1.3	18.6
	1914.5	7	71	3.8	19.5
	1914.58	8	67	3.2	20.5
	1914.67	9	21	0.2	18.2
	1914.75	10	72	-3.2	9.7
	1914.83	11	33	-10.6	6
	1914.92	12	39	-17.9	-6.6
	1915	1	51	-15.4	-2.6
	1915.08	2	74	-11.9	1.1
	1915.17	3	81	-12.9	0.2
	1915.25	4	102	-3.8	10
	1915.33	5	85	-4.7	10.1
	1915.42	6	46	0	16.4
	1915.5	7	37	1.8	19.7
	1915.58	8	52	2.4	18.3
	1915.67	9	78	0.2	15.5
	1915.75	10	52	-4.7	11.4
	1915.83	11	57	-9.5	1.2
	1915.92	12	69	-14.9	-1.2
	1916	1	80	-16.4	-5
	1916.08	2	51	-12.9	2
	1916.17	3	64	-8.3	6.3
	1916.25	4	61	-7.1	7.2
	1916.33	5	67	-4	12.6
	1916.42	6	9	0.5	18.6
	1916.5	7	53	4.7	20.9
	1916.58	8	62	3.7	18.5
	1916.67	9	37	-1	16.9
	1916.75	10	91	-4.5	7.9
	1916.83	11	81	-14.1	0.1
	1916.92	12	77	-16	-5.7
	1917	1	48	-16.1	-3.8
	1917.08	2	63	-13	-0.5
	1917.17	3	80	-15.6	-0.5
	1917.25	4	83	-7.9	5.2
	1917.33	5	133	-4.4	8.4
	1917.42	6	9	0	19.8
	1917.5	7	51	4.5	21.5
	1917.58	8	37	2.6	18.9
	1917.67	9	20	0.7	17.7
	1917.75	10	42	-6.2	9
	1917.83	11	57	-7.9	5
	1917.92	12	52	-10.9	-0.1
	1918	1	70	-17.3	-5.7
	1918.08	2	82	-13.3	2
	1918.17	3	71	-8.8	6.6
	1918.25	4	93	-8.5	3.5
	1918.33	5	50	-2.8	14.3
	1918.42	6	42	3.3	20.8
	1918.5	7	83	3.4	19.4
	1918.58	8	39	3.9	20.8
	1918.67	9	81	-0.2	14.7
	1918.75	10	49	-2.3	10.4
	1918.83	11	72	-13.9	-0.4
	1918.92	12	59	-14.4	-3.4
	1919	1	19	-15.2	-0.6
	1919.08	2	52	-14	-1.9
	1919.17	3	76	-11.1	3.7
	1919.25	4	71	-5.8	8.4
	1919.33	5	29	-3	13.8
	1919.42	6	15	0.8	19.5
	1919.5	7	75	5.8	21.4
	1919.58	8	33	4.1	21.7
	1919.67	9	51	2.4	17
	1919.75	10	62	-6.5	6.5
	1919.83	11	97	-13	0.5
	1919.92	12	54	-16.2	-2
	1920	1	52	-12.4	-0.2
	1920.08	2	64	-13	-0.9
	1920.17	3	61	-12.5	2.4
	1920.25	4	149	-9.8	1.8
	1920.33	5	52	-2.1	13.9
	1920.42	6	28	0.7	17.4
	1920.5	7	43	2.9	20.8
	1920.58	8	66	3.2	17.9
	1920.67	9	34	-0.8	16.1
	1920.75	10	59	-4.8	8.6
	1920.83	11	62	-12.1	-0.6
	1920.92	12	66	-14.8	-2.7
	1921	1	64	-13.7	-1.3
	1921.08	2	49	-13.5	0.3
	1921.17	3	67	-8.8	6
	1921.25	4	133	-8.6	4.9
	1921.33	5	50	-1.9	13.1
	1921.42	6	76	2.1	18.1
	1921.5	7	65	3.1	20
	1921.58	8	64	4.3	19
	1921.67	9	16	-0.8	18
	1921.75	10	34	-2.9	11.3
	1921.83	11	60	-9.4	2.7
	1921.92	12	77	-11.9	-0.4
	1922	1	50	-18.1	-5.8
	1922.08	2	68	-15	-1.4
	1922.17	3	73	-12.7	3.9
	1922.25	4	104	-7.5	4.9
	1922.33	5	41	-2.7	12.9
	1922.42	6	21	1.9	20.4
	1922.5	7	48	3	19.3
	1922.58	8	63	5.5	20.9
	1922.67	9	12	0	17.6
	1922.75	10	40	-5.6	9.5
	1922.83	11	102	-12.3	-1.5
	1922.92	12	74	-13	-1.2
	1923	1	38	-12.3	-0.6
	1923.08	2	71	-18.3	-3
	1923.17	3	99	-14.1	-0.1
	1923.25	4	65	-7.5	6.7
	1923.33	5	73	-2.4	12
	1923.42	6	85	0.4	17.2
	1923.5	7	90	4.3	20
	1923.58	8	71	3.2	17.9
	1923.67	9	53	-1.1	14.8
	1923.75	10	99	-6.4	4.7
	1923.83	11	39	-11.1	3.1
	1923.92	12	58	-16.1	-2.9
	1924	1	50	-17.1	-4.7
	1924.08	2	53	-11.3	1.6
	1924.17	3	95	-15.5	-3
	1924.25	4	57	-8	7.6
	1924.33	5	82	-4.2	10.8
	1924.42	6	9	0.9	20
	1924.5	7	29	2.7	19.5
	1924.58	8	13	3.3	21.4
	1924.67	9	52	-1.5	14.3
	1924.75	10	83	-3.8	9
	1924.83	11	46	-10.7	3
	1924.92	12	77	-17.8	-5.7
	1925	1	40	-15.3	-3.3
	1925.08	2	41	-11.1	2.2
	1925.17	3	56	-10.8	5.2
	1925.25	4	32	-5.7	9.1
	1925.33	5	49	-1.9	13.3
	1925.42	6	54	1.6	16.9
	1925.5	7	68	3.7	20.3
	1925.58	8	71	3.5	18.2
	1925.67	9	60	0.5	16.2
	1925.75	10	103	-6.5	5.3
	1925.83	11	67	-11.2	1.2
	1925.92	12	79	-14.3	-2.3
	1926	1	53	-16.2	-4.2
	1926.08	2	57	-10.7	1.6
	1926.17	3	89	-12.7	1.8
	1926.25	4	120	-6.4	7.8
	1926.33	5	83	-1.9	12.3
	1926.42	6	32	1	18.2
	1926.5	7	66	2.5	18.5
	1926.58	8	52	3.4	20.8
	1926.67	9	24	-1.2	16.1
	1926.75	10	46	-4.2	10.7
	1926.83	11	65	-8.5	0.7
	1926.92	12	69	-16.1	-3.5
	1927	1	37	-13.4	-0.1
	1927.08	2	68	-12.4	-0.4
	1927.17	3	95	-12.5	1.6
	1927.25	4	100	-6.8	7.6
	1927.33	5	49	-2.9	14.2
	1927.42	6	69	1.7	16
	1927.5	7	68	2.5	19.9
	1927.58	8	68	2.6	16.8
	1927.67	9	48	-0.1	15.7
	1927.75	10	55	-5.2	10.8
	1927.83	11	82	-7.6	2.6
	1927.92	12	53	-19.2	-6.3
	1928	1	36	-11.9	-0.1
	1928.08	2	65	-15.5	-1.4
	1928.17	3	100	-9.8	3.7
	1928.25	4	55	-8.8	5.7
	1928.33	5	109	-1.3	13.2
	1928.42	6	59	-0.7	15
	1928.5	7	53	2.5	20.5
	1928.58	8	30	2.5	19.5
	1928.67	9	18	-0.5	17
	1928.75	10	58	-3.5	8.7
	1928.83	11	93	-11.1	0.4
	1928.92	12	33	-17.3	-3.6
	1929	1	44	-15.6	-4.3
	1929.08	2	59	-19.1	-5.2
	1929.17	3	126	-10.6	2.4
	1929.25	4	69	-8	5.6
	1929.33	5	55	-3.6	12.1
	1929.42	6	18	0.4	18.8
	1929.5	7	66	4.2	19.8
	1929.58	8	78	4.9	20.1
	1929.67	9	63	-0.7	14.1
	1929.75	10	59	-4.9	9.6
	1929.83	11	75	-15.5	-3.1
	1929.92	12	40	-12.8	0.5
	1930	1	72	-22	-7.5
	1930.08	2	52	-9.1	3.3
	1930.17	3	75	-13.5	1
	1930.25	4	52	-4.2	11.3
	1930.33	5	76	-4.3	10.2
	1930.42	6	25	0.7	19.8
	1930.5	7	66	4.2	20
	1930.58	8	107	4.3	19.1
	1930.67	9	40	-0.7	16.6
	1930.75	10	40	-5.2	8.6
	1930.83	11	78	-12.3	1.7
	1930.92	12	40	-16.7	-3
	1931	1	15	-14.1	-0.8
	1931.08	2	74	-11.3	1.3
	1931.17	3	77	-13.1	1.6
	1931.25	4	66	-7.4	8
	1931.33	5	73	-4	10.5
	1931.42	6	48	2.5	19.8
	1931.5	7	48	3.8	21.6
	1931.58	8	40	3.6	19.3
	1931.67	9	34	1.7	17.8
	1931.75	10	46	-3.4	9.6
	1931.83	11	71	-13	0.5
	1931.92	12	32	-15.1	-2
	1932	1	42	-16.6	-4.9
	1932.08	2	68	-10.8	2.5
	1932.17	3	119	-14.3	-0.3
	1932.25	4	77	-6.5	8.8
	1932.33	5	48	-2.4	13.3
	1932.42	6	31	0.8	17
	1932.5	7	60	4.3	20.8
	1932.58	8	48	4.2	20.4
	1932.67	9	13	-1	17.2
	1932.75	10	52	-5.5	7.7
	1932.83	11	58	-9.3	3
	1932.92	12	58	-19.2	-6.7
	1933	1	32	-13.1	-0.9
	1933.08	2	44	-17.9	-3.8
	1933.17	3	79	-9.3	5.4
	1933.25	4	145	-9.1	5
	1933.33	5	91	-4	10.6
	1933.42	6	10	2.9	21.3
	1933.5	7	44	4.5	21.1
	1933.58	8	59	3.3	18.9
	1933.67	9	63	2	18.4
	1933.75	10	11	-4.4	12.4
	1933.83	11	38	-9	4.1
	1933.92	12	69	-9.9	1.6
	1934	1	26	-12.5	-0.1
	1934.08	2	99	-10.6	2
	1934.17	3	72	-9	6.1
	1934.25	4	65	-6.1	9.4
	1934.33	5	88	-0.7	16.3
	1934.42	6	33	1	18.9
	1934.5	7	40	4.7	22.3
	1934.58	8	42	4.8	21
	1934.67	9	40	-2.2	15.4
	1934.75	10	11	-3.1	12.6
	1934.83	11	68	-8.7	2
	1934.92	12	47	-13.6	-1.2
	1935	1	31	-13.3	1.2
	1935.08	2	44	-13.7	1.3
	1935.17	3	51	-10.4	4
	1935.25	4	102	-6.8	6.1
	1935.33	5	125	-3.5	8.5
	1935.42	6	22	0.4	19.3
	1935.5	7	57	3.7	20.9
	1935.58	8	43	4.8	20.7
	1935.67	9	50	-0.4	16.5
	1935.75	10	57	-5.4	8.3
	1935.83	11	61	-11	0
	1935.92	12	27	-15	-0.9
	1936	1	59	-13.4	-3.2
	1936.08	2	97	-15.2	-2.2
	1936.17	3	93	-11.2	4.4
	1936.25	4	52	-6.6	8.3
	1936.33	5	51	-1.9	15.1
	1936.42	6	39	2.8	19.5
	1936.5	7	61	4.4	21.3
	1936.58	8	69	4.6	20.2
	1936.67	9	43	-0.5	16.5
	1936.75	10	53	-4.9	7.2
	1936.83	11	34	-11.8	3
	1936.92	12	52	-13.3	-2.2
	1937	1	44	-21.5	-8
	1937.08	2	68	-13.4	-0.1
	1937.17	3	67	-11.3	3
	1937.25	4	65	-7.7	7.5
	1937.33	5	49	-1.9	13.3
	1937.42	6	68	0.9	16.8
	1937.5	7	61	3.8	19.9
	1937.58	8	36	4.1	21.7
	1937.67	9	19	0.7	16.8
	1937.75	10	40	-3.3	9.5
	1937.83	11	80	-10.1	1.3
	1937.92	12	81	-13.5	-1.4
	1938	1	56	-13.8	-1.7
	1938.08	2	43	-13.2	0.9
	1938.17	3	103	-8.9	4.4
	1938.25	4	105	-8.1	8.3
	1938.33	5	91	-2.5	10.7
	1938.42	6	46	1.9	19
	1938.5	7	50	2.4	20.4
	1938.58	8	60	5.2	21.7
	1938.67	9	103	1.8	16.5
	1938.75	10	36	-4.3	11.4
	1938.83	11	86	-13.7	-2.2
	1938.92	12	69	-13.5	-1.5
	1939	1	63	-13	-2.1
	1939.08	2	69	-16.1	-4.7
	1939.17	3	85	-10.4	5.1
	1939.25	4	60	-6	8.1
	1939.33	5	47	-2.5	14.1
	1939.42	6	22	0.5	17.7
	1939.5	7	20	3.4	22.2
	1939.58	8	29	3.2	19.9
	1939.67	9	30	2.2	17.4
	1939.75	10	38	-5.4	9.4
	1939.83	11	29	-10.7	4.7
	1939.92	12	39	-10.8	1.5
	1940	1	83	-15.8	-5.7
	1940.08	2	64	-11.3	0.3
	1940.17	3	80	-9.4	5.6
	1940.25	4	76	-6.7	7.8
	1940.33	5	65	-2.3	14.5
	1940.42	6	22	1.7	20.2
	1940.5	7	69	4.5	20.9
	1940.58	8	39	3.3	20.7
	1940.67	9	103	3.2	16.2
	1940.75	10	34	-4.3	11.5
	1940.83	11	69	-12.2	-0.4
	1940.92	12	44	-12.2	-0.1
	1941	1	57	-14.2	-1
	1941.08	2	45	-12	1.8
	1941.17	3	101	-11	2.1
	1941.25	4	119	-6.9	5.7
	1941.33	5	51	-1.6	14.6
	1941.42	6	53	0.6	16.6
	1941.5	7	56	2.8	20.7
	1941.58	8	73	3.8	19.7
	1941.67	9	50	-0.9	14.8
	1941.75	10	74	-3.5	8.4
	1941.83	11	62	-11.3	3.5
	1941.92	12	61	-13.7	-0.7
	1942	1	62	-17.7	-3.4
	1942.08	2	76	-18.6	-4.3
	1942.17	3	65	-12.2	2.2
	1942.25	4	178	-5.6	9.5
	1942.33	5	52	-4.2	12.2
	1942.42	6	58	1.2	17.9
	1942.5	7	47	3	21
	1942.58	8	30	3.7	21
	1942.67	9	32	-0.7	16.5
	1942.75	10	114	-3.7	9.1
	1942.83	11	70	-10.3	3.2
	1942.92	12	51	-12.9	-1
	1943	1	41	-14	-0.6
	1943.08	2	51	-12.4	2.9
	1943.17	3	87	-13.3	1.6
	1943.25	4	53	-3.6	12.2
	1943.33	5	117	-3.7	10
	1943.42	6	41	0.8	18.1
	1943.5	7	36	3.4	22
	1943.58	8	57	5.4	20.8
	1943.67	9	10	-1.6	18
	1943.75	10	23	-4.4	10.3
	1943.83	11	58	-10.6	2.7
	1943.92	12	42	-13.1	-1.1
	1944	1	51	-15.9	-1.3
	1944.08	2	49	-13.8	-0.3
	1944.17	3	111	-11.6	1.1
	1944.25	4	131	-8.6	5.5
	1944.33	5	69	-2.8	13.5
	1944.42	6	29	0.8	18.5
	1944.5	7	54	2.4	20.1
	1944.58	8	20	3.5	22.1
	1944.67	9	7	-0.7	17.7
	1944.75	10	31	-3.9	11.2
	1944.83	11	59	-10.2	1.4
	1944.92	12	49	-15.6	-1.5
	1945	1	61	-12.5	-1.1
	1945.08	2	70	-12.3	0
	1945.17	3	70	-12.1	4.4
	1945.25	4	117	-9.1	4.2
	1945.33	5	81	-2.1	13.9
	1945.42	6	60	-0.2	15.3
	1945.5	7	68	3.2	21.5
	1945.58	8	96	4.8	20.1
	1945.67	9	46	-1.5	15.8
	1945.75	10	52	-3.9	10.9
	1945.83	11	68	-10.5	1
	1945.92	12	60	-14.5	-3.2
	1946	1	47	-15.2	-0.6
	1946.08	2	37	-13.4	1.3
	1946.17	3	62	-7.9	7.1
	1946.25	4	49	-4.7	11.3
	1946.33	5	78	-4	9.1
	1946.42	6	32	0.9	19.9
	1946.5	7	63	4.1	21.5
	1946.58	8	58	4.4	20.3
	1946.67	9	33	-0.5	17.4
	1946.75	10	71	-4.8	6.7
	1946.83	11	118	-11.8	0.9
	1946.92	12	28	-11	0.5
	1947	1	54	-15.7	-2.5
	1947.08	2	76	-13.4	-0.2
	1947.17	3	93	-11.2	2.5
	1947.25	4	73	-7.5	6.2
	1947.33	5	84	-2.2	13.6
	1947.42	6	98	0.1	15.8
	1947.5	7	50	3.4	21.7
	1947.58	8	53	6.1	21.6
	1947.67	9	35	1.1	18.3
	1947.75	10	86	-2.1	11.3
	1947.83	11	77	-13.4	-2.2
	1947.92	12	50	-13.6	-0.7
	1948	1	79	-16.2	-3
	1948.08	2	58	-14.7	-1
	1948.17	3	95	-13.6	1
	1948.25	4	73	-5.5	9.6
	1948.33	5	43	-2.2	14.1
	1948.42	6	54	2	18.2
	1948.5	7	44	2.6	21.5
	1948.58	8	29	3.8	21.1
	1948.67	9	27	1.1	19.3
	1948.75	10	37	-5.3	9.9
	1948.83	11	78	-11.6	-1.9
	1948.92	12	79	-14.6	-1.9
	1949	1	57	-20	-5.7
	1949.08	2	36	-14.5	-0.7
	1949.17	3	100	-8.3	4.6
	1949.25	4	63	-6	9.4
	1949.33	5	83	-1.7	12.2
	1949.42	6	120	2	17.4
	1949.5	7	76	3.3	20.9
	1949.58	8	35	3.1	21.1
	1949.67	9	29	0.1	17.5
	1949.75	10	65	-5.3	8.5
	1949.83	11	26	-6.9	7.5
	1949.92	12	40	-14.4	-1.9
	1950	1	69	-14.8	-2
	1950.08	2	46	-12	2.5
	1950.17	3	55	-10.5	3
	1950.25	4	96	-6.9	8.9
	1950.33	5	75	-4.1	11
	1950.42	6	23	0.6	20.1
	1950.5	7	42	2.5	18.7
	1950.58	8	24	1.6	20.2
	1950.67	9	46	0.9	15.5
	1950.75	10	21	-3.2	15.2
	1950.83	11	99	-9.3	1
	1950.92	12	49	-11.5	0.4
	1951	1	70	-14.6	-2.8
	1951.08	2	68	-13.5	1
	1951.17	3	70	-12	2.3
	1951.25	4	90	-6.8	6.2
	1951.33	5	71	-2.4	12.7
	1951.42	6	66	-0.6	15
	1951.5	7	42	2.6	22.1
	1951.58	8	84	3.5	20
	1951.67	9	30	-1.6	17.5
	1951.75	10	75	-4.3	7.7
	1951.83	11	66	-13.7	0.1
	1951.92	12	138	-13.8	-4.2
	1952	1	44	-14.9	-2.9
	1952.08	2	45	-15.4	-1.6
	1952.17	3	106	-14.1	0.5
	1952.25	4	79	-6.9	8
	1952.33	5	72	-2.1	12.6
	1952.42	6	41	1.6	20.2
	1952.5	7	52	2.7	20.3
	1952.58	8	67	4.4	19.2
	1952.67	9	18	-0.3	18.8
	1952.75	10	12	-5.7	13
	1952.83	11	75	-14.2	-1.2
	1952.92	12	45	-15.2	-2.6
	1953	1	53	-9.8	0.8
	1953.08	2	53	-15.2	-1
	1953.17	3	76	-9.7	4.5
	1953.25	4	78	-8.5	4.9
	1953.33	5	68	-4.1	10.3
	1953.42	6	33	1.5	19.5
	1953.5	7	86	3.8	21
	1953.58	8	67	3.8	19.4
	1953.67	9	11	-0.5	18.9
	1953.75	10	31	-4.5	11.2
	1953.83	11	70	-8.7	4.5
	1953.92	12	49	-15.3	-3.1
	1954	1	36	-11.6	1.3
	1954.08	2	34	-10.1	4.4
	1954.17	3	90	-11.8	2.4
	1954.25	4	39	-4.7	11.4
	1954.33	5	47	-2.6	14.1
	1954.42	6	24	0.6	19.5
	1954.5	7	64	5.2	22.2
	1954.58	8	45	3.4	21.1
	1954.67	9	65	1.5	17.8
	1954.75	10	40	-3.5	11
	1954.83	11	62	-8.8	5.4
	1954.92	12	49	-16.4	-1.1
	1955	1	44	-16.1	-3.5
	1955.08	2	60	-17.3	-2.8
	1955.17	3	91	-12.9	2.8
	1955.25	4	28	-8.6	8.3
	1955.33	5	73	-3.2	13
	1955.42	6	45	0	16.2
	1955.5	7	54	2.3	21.8
	1955.58	8	73	5.1	21.2
	1955.67	9	25	-0.5	19.1
	1955.75	10	39	-5.3	11.9
	1955.83	11	103	-11.9	0.1
	1955.92	12	60	-11.3	-0.2
	1956	1	70	-12	0.4
	1956.08	2	86	-17.8	-3.3
	1956.17	3	58	-12.9	3.2
	1956.25	4	86	-7	6.9
	1956.33	5	62	-1.4	14.9
	1956.42	6	20	1.1	20.5
	1956.5	7	79	2.3	20.3
	1956.58	8	54	2.3	19
	1956.67	9	6	-1.2	19.6
	1956.75	10	27	-5.7	11.1
	1956.83	11	60	-13.6	-0.5
	1956.92	12	61	-15.2	-1.3
	1957	1	84	-16	-3.8
	1957.08	2	69	-10.5	3
	1957.17	3	78	-11.2	3.1
	1957.25	4	156	-8.5	4.7
	1957.33	5	144	-3.1	9.7
	1957.42	6	57	1.2	17.2
	1957.5	7	69	4.4	19.7
	1957.58	8	62	4.9	20
	1957.67	9	35	-1.9	15.6
	1957.75	10	66	-3.5	8.9
	1957.83	11	57	-13.2	-0.2
	1957.92	12	44	-13.8	0.5
	1958	1	40	-16.9	-1.7
	1958.08	2	52	-9.8	3
	1958.17	3	103	-13.4	1.8
	1958.25	4	83	-8.3	5.7
	1958.33	5	75	-1.9	15.1
	1958.42	6	33	1.1	20
	1958.5	7	30	1.3	19.5
	1958.58	8	46	4.3	22.1
	1958.67	9	30	-0.1	17.9
	1958.75	10	27	-5.1	11.4
	1958.83	11	64	-10.1	3
	1958.92	12	72	-11.6	-0.2
	1959	1	60	-14.1	-1.9
	1959.08	2	71	-14.3	-1
	1959.17	3	82	-12	2
	1959.25	4	74	-7.3	6.2
	1959.33	5	77	-2.5	12.6
	1959.42	6	54	2	20.1
	1959.5	7	47	1.3	20.9
	1959.58	8	43	4.1	20.5
	1959.67	9	100	-1.4	15.8
	1959.75	10	81	-5	7.5
	1959.83	11	48	-11.9	1.6
	1959.92	12	23	-14.6	0.9
	1960	1	40	-15.9	-2.9
	1960.08	2	75	-16.6	-4.4
	1960.17	3	96	-8.7	4.3
	1960.25	4	61	-5.5	9.4
	1960.33	5	80	-3.3	13
	1960.42	6	25	0.8	19.5
	1960.5	7	51	1.8	21.1
	1960.58	8	19	2.5	22.3
	1960.67	9	39	0.6	18.3
	1960.75	10	54	-4.4	10.2
	1960.83	11	57	-10.8	3
	1960.92	12	60	-15.6	-1.1
	1961	1	28	-18.2	-0.9
	1961.08	2	54	-13.6	0.4
	1961.17	3	97	-9.8	3.7
	1961.25	4	89	-7.8	6.1
	1961.33	5	91	-2.7	13.6
	1961.42	6	49	0.8	19
	1961.5	7	88	2.8	19.7
	1961.58	8	74	4.9	20.5
	1961.67	9	150	-1.1	11.6
	1961.75	10	34	-4.5	10
	1961.83	11	68	-12.9	-0.1
	1961.92	12	53	-15.7	-4.5
	1962	1	80	-19.1	-4.3
	1962.08	2	80	-11	0.8
	1962.17	3	55	-14.3	1.3
	1962.25	4	80	-5.8	9.6
	1962.33	5	55	-2.4	13.3
	1962.42	6	56	0.2	17.3
	1962.5	7	44	1.4	20
	1962.58	8	20	1.7	21.3
	1962.67	9	23	-0.8	17.4
	1962.75	10	38	-4.4	12
	1962.83	11	50	-9.5	4.1
	1962.92	12	38	-12.4	0.4
	1963	1	68	-17.3	-5.2
	1963.08	2	62	-11.1	2
	1963.17	3	75	-12.9	3.2
	1963.25	4	41	-5.7	9.1
	1963.33	5	30	-2.4	15.7
	1963.42	6	89	1.1	18.4
	1963.5	7	31	3.5	22.5
	1963.58	8	130	5.4	19.3
	1963.67	9	44	1.3	19
	1963.75	10	29	-2.5	14.1
	1963.83	11	44	-9.7	4.4
	1963.92	12	50	-14.6	-1.7
	1964	1	38	-18.2	-4.5
	1964.08	2	51	-18.3	-4
	1964.17	3	87	-15.3	-0.1
	1964.25	4	78	-7.5	5.8
	1964.33	5	47	-3.3	13.8
	1964.42	6	47	0.3	17.4
	1964.5	7	46	4	22.4
	1964.58	8	46	3	19.4
	1964.67	9	31	-1.3	17
	1964.75	10	18	-6	11.9
	1964.83	11	64	-10.3	1.6
	1964.92	12	88	-14.9	-3.4
	1965	1	75	-12.4	-1.5
	1965.08	2	48	-15.3	-0.8
	1965.17	3	97	-16.5	-1
	1965.25	4	75	-6.1	7.8
	1965.33	5	66	-3.3	11.5
	1965.42	6	74	0.9	16.3
	1965.5	7	104	3.6	19.1
	1965.58	8	43	2.5	18.5
	1965.67	9	62	-0.9	12.5
	1965.75	10	19	-4.2	12
	1965.83	11	70	-7.7	2.6
	1965.92	12	46	-13.6	0.4
	1966	1	27	-16.8	-3.3
	1966.08	2	58	-16.3	-3
	1966.17	3	43	-11.1	5.4
	1966.25	4	68	-7.3	7.9
	1966.33	5	44	-2.7	14.2
	1966.42	6	36	0.9	17.8
	1966.5	7	47	4.8	22
	1966.58	8	46	3.4	20.2
	1966.67	9	43	1	16.7
	1966.75	10	47	-4.8	9.1
	1966.83	11	49	-8.4	3.3
	1966.92	12	62	-15.4	-3.3
	1967	1	63	-12.9	-2.5
	1967.08	2	74	-14.4	-1.3
	1967.17	3	84	-8.3	6
	1967.25	4	77	-6.3	8.5
	1967.33	5	73	-3.3	10.8
	1967.42	6	73	0.4	15.5
	1967.5	7	65	4.2	20.1
	1967.58	8	68	3.1	19.1
	1967.67	9	58	0.1	15.6
	1967.75	10	49	-3.8	10
	1967.83	11	69	-10.9	1.8
	1967.92	12	86	-16.1	-4.8
	1968	1	29	-15.5	-0.9
	1968.08	2	75	-12.3	0.2
	1968.17	3	53	-11.9	4.4
	1968.25	4	74	-9	4.6
	1968.33	5	66	-3.5	10.4
	1968.42	6	25	1.1	18.8
	1968.5	7	38	3	19.6
	1968.58	8	57	3.9	17.6
	1968.67	9	30	-1.1	14.9
	1968.75	10	39	-4.1	9.6
	1968.83	11	95	-13.4	-2
	1968.92	12	41	-14.7	-2.7
	1969	1	70	-11	-0.1
	1969.08	2	47	-14.5	0.1
	1969.17	3	51	-15.5	1.1
	1969.25	4	78	-5.4	9
	1969.33	5	125	-1.8	14.9
	1969.42	6	140	0.6	14.6
	1969.5	7	36	4.4	21.2
	1969.58	8	42	5.4	21.9
	1969.67	9	33	1.3	16.5
	1969.75	10	139	-6	3.3
	1969.83	11	53	-13	0.1
	1969.92	12	58	-13.5	-1.3
	1970	1	51	-13.1	-3.3
	1970.08	2	47	-13.4	1.6
	1970.17	3	101	-12.3	1.3
	1970.25	4	72	-10.1	3.6
	1970.33	5	25	-3.5	13.4
	1970.42	6	59	0.6	17.7
	1970.5	7	47	3.7	20.5
	1970.58	8	45	5.1	21.3
	1970.67	9	70	-0.8	14.6
	1970.75	10	68	-7	5.2
	1970.83	11	79	-9.3	-0.1
	1970.92	12	43	-13.6	-1.7
	1971	1	57	-11	-2.6
	1971.08	2	74	-14.2	-2.3
	1971.17	3	72	-11.3	1.9
	1971.25	4	128	-7.3	7
	1971.33	5	58	-3.4	11.4
	1971.42	6	13	1.2	18.7
	1971.5	7	41	3	19.7
	1971.58	8	40	4.1	20.5
	1971.67	9	66	-1.9	13.9
	1971.75	10	39	-5.3	8.3
	1971.83	11	55	-10.9	0.9
	1971.92	12	54	-15.9	-3.6
	1972	1	75	-14.8	-2.7
	1972.08	2	56	-12.5	0.5
	1972.17	3	72	-7.3	5.9
	1972.25	4	78	-5.1	8.5
	1972.33	5	41	-3	13.1
	1972.42	6	46	2.2	18.5
	1972.5	7	33	2.4	20.2
	1972.58	8	64	3.3	19.3
	1972.67	9	47	0.6	14.1
	1972.75	10	66	-3.1	8.4
	1972.83	11	74	-12.9	-2.1
	1972.92	12	62	-16.6	-4
	1973	1	39	-17.3	-2.7
	1973.08	2	35	-16.1	0.2
	1973.17	3	71	-12.9	2.8
	1973.25	4	110	-11	4.1
	1973.33	5	112	-3.3	11.2
	1973.42	6	28	0.4	17
	1973.5	7	84	2.8	18.9
	1973.58	8	34	3.8	19.7
	1973.67	9	38	-1.1	14.8
	1973.75	10	32	-5.4	10.5
	1973.83	11	100	-10	1.6
	1973.92	12	74	-14.7	-1.9
	1974	1	57	-17	-4.3
	1974.08	2	48	-17.4	-1.2
	1974.17	3	89	-8.1	5.9
	1974.25	4	90	-8.1	7
	1974.33	5	14	-2.9	14.7
	1974.42	6	59	1.8	18.9
	1974.5	7	79	3.8	19.8
	1974.58	8	19	1.5	19.7
	1974.67	9	49	-1.6	15.9
	1974.75	10	69	-3.1	10.3
	1974.83	11	63	-11.3	1.4
	1974.92	12	46	-16.7	-3.4
	1975	1	62	-15.7	-2.8
	1975.08	2	62	-15.4	-1.6
	1975.17	3	85	-10.4	2.8
	1975.25	4	91	-11.4	5.9
	1975.33	5	78	-4.9	10.7
	1975.42	6	39	0.6	16.2
	1975.5	7	63	3.4	20.3
	1975.58	8	32	3.2	18.9
	1975.67	9	27	-1.2	16.6
	1975.75	10	46	-5.8	11.4
	1975.83	11	74	-12.5	1.3
	1975.92	12	34	-12.7	-0.6
	1976	1	45	-14.8	-2.1
	1976.08	2	58	-12.5	2.6
	1976.17	3	68	-13.2	2.7
	1976.25	4	70	-6.2	8.6
	1976.33	5	67	-2.7	12.7
	1976.42	6	40	0.5	17.9
	1976.5	7	54	4.1	20.7
	1976.58	8	64	3.9	19
	1976.67	9	69	0.6	15.7
	1976.75	10	31	-6.5	8.7
	1976.83	11	42	-11.4	2.1
	1976.92	12	30	-17	-0.4
	1977	1	28	-15.5	-2.6
	1977.08	2	44	-11.8	1.7
	1977.17	3	60	-12.5	2.5
	1977.25	4	97	-4.7	9.1
	1977.33	5	54	-2	13.3
	1977.42	6	21	3.3	21.3
	1977.5	7	90	4.5	20.6
	1977.58	8	71	4.4	19.2
	1977.67	9	25	0.7	17.4
	1977.75	10	49	-3.3	10.9
	1977.83	11	84	-8.9	2.3
	1977.92	12	69	-11.3	-2
	1978	1	58	-12.5	-2.4
	1978.08	2	63	-12.7	-0.2
	1978.17	3	75	-8	5.6
	1978.25	4	69	-5.4	9
	1978.33	5	114	-2.7	11.6
	1978.42	6	26	1.4	20
	1978.5	7	24	3.4	23.1
	1978.58	8	22	2	21.2
	1978.67	9	16	-0.2	18.1
	1978.75	10	53	-5.2	11.6
	1978.83	11	49	-10.6	2.9
	1978.92	12	90	-17.4	-5
	1979	1	86	-17.6	-6.3
	1979.08	2	49	-12.3	0.4
	1979.17	3	92	-9.1	4
	1979.25	4	56	-7.2	8.2
	1979.33	5	100	-3	11.9
	1979.42	6	50	0.8	18.5
	1979.5	7	34	3	21.8
	1979.58	8	67	3.8	20.2
	1979.67	9	14	0.1	19.4
	1979.75	10	32	-4	12.2
	1979.83	11	63	-13.7	-2.8
	1979.92	12	61	-14.5	0.1
	1980	1	131	-13.5	-1.5
	1980.08	2	72	-11.4	1.4
	1980.17	3	77	-11.4	2.3
	1980.25	4	77	-8.4	6.8
	1980.33	5	87	-2	11.7
	1980.42	6	3	0.6	21
	1980.5	7	36	4.2	22.6
	1980.58	8	44	3.2	21.1
	1980.67	9	36	0.9	17.8
	1980.75	10	30	-5.7	9.9
	1980.83	11	71	-9.8	2.6
	1980.92	12	32	-8.4	3.7
	1981	1	17	-12.6	2.5
	1981.08	2	29	-12.4	1.5
	1981.17	3	71	-9.2	4
	1981.25	4	39	-4.5	11.3
	1981.33	5	100	-1.8	11.1
	1981.42	6	53	3.3	20.6
	1981.5	7	69	4.5	20.9
	1981.58	8	60	4.3	20.3
	1981.67	9	29	1.3	18.1
	1981.75	10	34	-3.6	7.9
	1981.83	11	34	-7.9	3.9
	1981.92	12	26	-11.6	-1.7
	1982	1	94	-13.3	-2.6
	1982.08	2	31	-13.7	0.1
	1982.17	3	63	-8.6	4
	1982.25	4	62	-8.1	6.8
	1982.33	5	112	-2.3	11.1
	1982.42	6	40	0.3	16.8
	1982.5	7	56	3.6	20.8
	1982.58	8	61	6	21.5
	1982.67	9	79	1.6	15.4
	1982.75	10	63	-5.1	7.3
	1982.83	11	45	-12	0.1
	1982.92	12	102	-13.8	-1.9
	1983	1	27	-12.3	0.4
	1983.08	2	50	-11.5	1.7
	1983.17	3	151	-8.8	3.7
	1983.25	4	110	-9.6	3.8
	1983.33	5	123	-3.6	10
	1983.42	6	61	1.1	16.9
	1983.5	7	103	4.2	21
	1983.58	8	85	6.5	21.7
	1983.67	9	22	1.6	18.3
	1983.75	10	46	-2.9	10.3
	1983.83	11	62	-8.8	0.3
	1983.92	12	77	-13.8	-4.9
	1984	1	31	-17	-3.1
	1984.08	2	33	-14.2	1
	1984.17	3	76	-10.2	2.7
	1984.25	4	116	-8.6	4.8
	1984.33	5	57	-1.7	14.4
	1984.42	6	87	2.1	16.9
	1984.5	7	102	5.3	20.9
	1984.58	8	90	5.6	20.2
	1984.67	9	65	1	16
	1984.75	10	46	-5	4.7
	1984.83	11	120	-9.9	1.6
	1984.92	12	139	-13.2	-1.1
	1985	1	48	-15.5	-3.2
	1985.08	2	55	-15.6	-2.2
	1985.17	3	78	-9.5	4.3
	1985.25	4	87	-4.4	9.4
	1985.33	5	50	-1.5	13.4
	1985.42	6	31	1.7	19.4
	1985.5	7	73	4.8	19.8
	1985.58	8	14	3.2	21.8
	1985.67	9	79	0.3	13.9
	1985.75	10	106	-3.6	9.4
	1985.83	11	64	-10.1	-1.5
	1985.92	12	51	-13.3	-1.3
	1986	1	29	-12	2
	1986.08	2	178	-9.1	0.6
	1986.17	3	43	-7.2	7.7
	1986.25	4	122	-5.1	8.1
	1986.33	5	57	-2.8	13.1
	1986.42	6	39	3.1	19.9
	1986.5	7	51	3.9	19.2
	1986.58	8	52	4.8	20.7
	1986.67	9	53	0.7	14.3
	1986.75	10	66	-3.5	8.9
	1986.83	11	122	-9.4	1.9
	1986.92	12	60	-14.7	-0.6
	1987	1	51	-14.5	-1.7
	1987.08	2	40	-11.2	2.2
	1987.17	3	54	-10.9	4.6
	1987.25	4	48	-6.4	10.7
	1987.33	5	74	-0.5	12.9
	1987.42	6	43	2.4	19.6
	1987.5	7	60	3.7	21.6
	1987.58	8	40	3.9	20
	1987.67	9	28	-0.7	16.9
	1987.75	10	78	-2.9	11.5
	1987.83	11	64	-9.5	1.4
	1987.92	12	26	-14.1	-3
	1988	1	79	-15.8	-3.6
	1988.08	2	60	-13.7	1.3
	1988.17	3	91	-13.2	3.5
	1988.25	4	69	-6.2	9.3
	1988.33	5	57	-1.8	13.6
	1988.42	6	41	4.1	20.5
	1988.5	7	53	3.7	21.2
	1988.58	8	22	4.8	21.9
	1988.67	9	27	0.2	16.6
	1988.75	10	36	-2.3	12.2
	1988.83	11	61	-9.1	0.3
	1988.92	12	89	-15.4	-2.1
	1989	1	43	-14.7	-1.4
	1989.08	2	79	-13.9	-1
	1989.17	3	58	-7.6	7.4
	1989.25	4	70	-5	9.5
	1989.33	5	57	-1.6	14.4
	1989.42	6	37	1.5	17.9
	1989.5	7	62	4.2	22.7		
	1989.58	8	48	3.8	19.8		
	1989.67	9	28	0.4	17.6		
	1989.75	10	18	-4.7	10		
	1989.83	11	76	-10	2.1		21649
	1989.92	12	63	-14.6	-3		
	1990	1	44	-13.3	0		
	1990.08	2	47	-12.7	1.4		
	1990.17	3	125	-8.5	5.6		
	1990.25	4	89	-5.1	8.9		
	1990.33	5	71	-3.5	12.8		
	1990.42	6	14	2.2	21.7		
	1990.5	7	67	3.7	19.3		
	1990.58	8	55	3.5	20.8		
	1990.67	9	46	2.3	18.6		
	1990.75	10	44	-4.1	9.8		
	1990.83	11	45	-9.1	3.4
	1990.92	12	67	-16.9	-3.6
	1991	1	57	-15.3	-3
	1991.08	2	33	-11.3	3.5
	1991.17	3	103	-9.5	3.3
	1991.25	4	79	-7.7	6.5
	1991.33	5	72	-2	13.5
	1991.42	6	73	2	18.2
	1991.5	7	70	3.1	20
	1991.58	8	78	4.2	19.9
	1991.67	9	34	-0.2	16.3
	1991.75	10	54	-5.2	10.5
	1991.83	11	40	-10.6	-2
	1991.92	12	49	-14.5	-0.2
	1992	1	42	-14.3	-1.5
	1992.08	2	37	-10.4	2.1
	1992.17	3	97	-8.4	5.5
	1992.25	4	59	-5.5	10.7
	1992.33	5	73	-1.5	13.5
	1992.42	6	52	0.8	16.2
	1992.5	7	51	2.1	18.9
	1992.58	8	63	2.8	19.1
	1992.67	9	26	0.3	17.3
	1992.75	10	29	-3.6	11.3
	1992.83	11	101	-12.8	-3.8
	1992.92	12	17	-15.8	-3
	1993	1	64	-14.2	-2.8
	1993.08	2	111	-14.2	-2.2
	1993.17	3	89	-9.6	4.9
	1993.25	4	110	-7.5	6.1
	1993.33	5	46	-1.9	13.1
	1993.42	6	64	0.4	17.2
	1993.5	7	20	2.1	20.1
	1993.58	8	37	3.9	19
	1993.67	9	70	-1.4	15.2
	1993.75	10	28	-5.1	7.7
	1993.83	11	78	-13.2	-1.2
	1993.92	12	47	-13.4	-1.4
